2.284924956895348913e-01
2.136053331766776808e-01
1.987590135715064932e-01
1.839678424527362854e-01
1.692460623857575119e-01
1.546077527817319996e-01
1.400675265779856571e-01
1.256394929459725973e-01
1.113380798751962275e-01
9.717755605541789077e-02
8.317228268197002228e-02
6.933650923253970033e-02
5.568442950269536507e-02
4.223033231258388476e-02
2.898831180446576061e-02
1.597220676443578125e-02
3.196214407744146779e-03
-9.326137790310107256e-03
-2.158100240055232932e-02
-3.355495204972203105e-02
-4.523465213184607592e-02
-5.660691034432796531e-02
-6.765864347836958448e-02
-7.837720960504965251e-02
-8.875003507149842319e-02
-9.876468181949427105e-02
-1.084091822025595175e-01
-1.176716622791726952e-01
-1.265406069863301841e-01
-1.350047724463800392e-01
-1.430529866775699377e-01
-1.506751170535737538e-01
-1.578602388226556241e-01
-1.645989204976846532e-01
-1.708811144223234268e-01
-1.766978896032039836e-01
-1.820401843907575590e-01
-1.868993360003646242e-01
-1.912674497892665193e-01
-1.951368605260768163e-01
-1.985003251729859641e-01
-2.013507693839664270e-01
-2.036819713568759904e-01
-2.054879742641689822e-01
-2.067631816216227991e-01
-2.075027274228598007e-01
-2.077018642704097917e-01
-2.073564801270486313e-01
-2.064631901573254213e-01
-2.050188612154043022e-01
-2.030208053415240022e-01
-2.004670564834323820e-01
-1.973560905619398675e-01
-1.936867564240132011e-01
-1.894585566323498393e-01
-1.846716128909451915e-01
-1.793263993438677650e-01
-1.734242232463572564e-01
-1.669663759914079004e-01
-1.599554268378972077e-01
-1.523937593398407286e-01
-1.442848091824553702e-01
-1.356324761248720867e-01
-1.264410421300218301e-01
-1.167154134540590027e-01
-1.064610864647219796e-01
-9.568402637857531534e-02
-8.439078852080655890e-02
-7.258848141995667691e-02
-6.028479343507413268e-02
-4.748771100311963145e-02
-3.420595664598461566e-02
-2.044876753262016983e-02
-6.225754870266976548e-03
8.452860921769660141e-03
2.357632187023042669e-02
3.913355884462074719e-02
5.511276700398437534e-02
7.150204380409141969e-02
8.828848032572299276e-02
1.054592704924443014e-01
1.230009343666170485e-01
1.408993773703628716e-01
1.591404683446557278e-01
1.777094439399946046e-01
1.965912597881909751e-01
2.157703962122968777e-01
2.352308993908646118e-01
2.549568657481183220e-01
2.749316568129684946e-01
2.951385603367038257e-01
3.155604530197246294e-01
3.361798500586140048e-01
3.569792521787467088e-01
3.779409324146287830e-01
3.990467812985529217e-01
4.202783272481653842e-01
4.416173963938002656e-01
4.630453344570333862e-01
4.845433226018897033e-01
5.060925561934227490e-01
5.276740693408030758e-01
5.492689448088986515e-01
5.708578824816976649e-01
5.924220565754343415e-01
6.139421403474796257e-01
6.353991583488495243e-01
6.567740771500512054e-01
6.780476496861869151e-01
6.992012644480973815e-01
7.202156990901009692e-01
7.410724557514491995e-01
7.617530160202518053e-01
7.822387972661509759e-01
8.025116701942959230e-01
8.225533250813134023e-01
8.423464094911727873e-01
8.618730971450808687e-01
8.811159814730420425e-01
9.000581423541609283e-01
9.186829740630143570e-01
9.369741291062253508e-01
9.549153438660296089e-01
9.724912992714797033e-01
9.896860981901787202e-01
1.006485339220745567e+00
1.022874410478876950e+00
1.038839181063147432e+00
1.054366012369248207e+00
1.069441950987526369e+00
1.084054136866044793e+00
1.098190290750037157e+00
1.111838902893561354e+00
1.124988714814863400e+00
1.137628952753931610e+00
1.149749620697309016e+00
1.161341281569643336e+00
1.172394543038206116e+00
1.182901274910512335e+00
1.192853355715359331e+00
1.202243558620343045e+00
1.211065111041947251e+00
1.219311856676422501e+00
1.226978191744616531e+00
1.234059346726193773e+00
1.240550811080145088e+00
1.246448638169177947e+00
1.251749856757885748e+00
1.256451880820906197e+00
1.260552737696000403e+00
1.264051050620985439e+00
1.266946131333998249e+00
1.269237682139463530e+00
1.270925939463275256e+00
1.272012121683117059e+00
1.272497766170991085e+00
1.272385014334719289e+00
1.271676441256949897e+00
1.270375547290738538e+00
1.268485893681882803e+00
1.266011896331056930e+00
1.262958588596147180e+00
1.259331116349455604e+00
1.255135562454082532e+00
1.250378298225268026e+00
1.245066210057522493e+00
1.239206498649320087e+00
1.232807279551849655e+00
1.225876597351267083e+00
1.218423313540645259e+00
1.210456403520695279e+00
1.201985341015531006e+00
1.193020176060580306e+00
1.183571170113367987e+00
1.173648893033523599e+00
1.163264301141712309e+00
1.152428749042423428e+00
1.141153950949881590e+00
1.129451468749718579e+00
1.117333762872207981e+00
1.104812995300612499e+00
1.091902183504579238e+00
1.078613973129564751e+00
1.064961425683986773e+00
1.050957919559619480e+00
1.036616844340997545e+00
1.021951704542021222e+00
1.006976460387698502e+00
9.917048598237196977e-01
9.761508643461261903e-01
9.603284556984894582e-01
9.442517009753348400e-01
9.279350937795762810e-01
9.113925588994713500e-01
8.946383266935474810e-01
8.776866891794246062e-01
8.605520963141919388e-01
8.432484507322428602e-01
8.257900110470793864e-01
8.081911162314862063e-01
7.904655639841872139e-01
7.726275324240043929e-01
7.546910453588335788e-01
7.366694958542039373e-01
7.185769355118130086e-01
7.004267845484638544e-01
6.822328134853077319e-01
6.640077483640545175e-01
6.457653616425005350e-01
6.275181941296399390e-01
6.092792661869785853e-01
5.910611828412802859e-01
5.728763418763314075e-01
5.547369812726802296e-01
5.366553716541236918e-01
5.186431312767421087e-01
5.007121216689001120e-01
4.828735205879379766e-01
4.651387208270393869e-01
4.475184199657282758e-01
4.300238105287386703e-01
4.126650332626513595e-01
3.954524364585650931e-01
3.783963121153833820e-01
3.615061055846944815e-01
3.447914669971153256e-01
3.282617329986118326e-01
3.119258812746208975e-01
2.957930620098404573e-01
2.798712064299764823e-01
2.641690708956331290e-01
2.486947416519942888e-01
2.334557720863494890e-01
2.184600380840533429e-01
2.037147929412627123e-01
1.892270032775361654e-01
1.750037094402638882e-01
1.610514275682656260e-01
1.473763459822549082e-01
1.339850247224838586e-01
1.208831668336464160e-01
1.080766611550784129e-01
9.557072806471500481e-02
8.337073258115024199e-02
7.148179977729118839e-02
5.990870497779943182e-02
4.865621475341785906e-02
3.772843872269926457e-02
2.712989828598788566e-02
1.686451835321456372e-02
6.935965767801421933e-03
-2.652017078855206655e-03
-1.189573132153032287e-02
-2.079237582245796467e-02
-2.933848282488871195e-02
-3.753114543787572366e-02
-4.536808249374579827e-02
-5.284589326853039726e-02
-5.996323401979930523e-02
-6.671695394953025549e-02
-7.310533838978527932e-02
-7.912662634879175094e-02
-8.477888347835449423e-02
-9.006035831936098912e-02
-9.496978614455697798e-02
-9.950583853637262610e-02
-1.036671685096396400e-01
-1.074528614911125501e-01
-1.108618775459047079e-01
-1.138938903401391922e-01
-1.165476104147143421e-01
-1.188230646880516495e-01
-1.207197282867957799e-01
-1.222374573176125967e-01
-1.233759534228104915e-01
-1.241353671640783585e-01
-1.245157606000720785e-01
-1.245176233780399544e-01
-1.241413142553516313e-01
-1.233872475842293093e-01
-1.222562454113366170e-01
-1.207488787682567399e-01
-1.188662580195936069e-01
-1.166094292166468538e-01
-1.139794459216759703e-01
-1.109778138179132179e-01
-1.076057976948694983e-01
-1.038647351208203395e-01
-9.975658695329220338e-02
-9.528304725121311547e-02
-9.044606375258318343e-02
-8.524768178727903933e-02
-7.969023052552359765e-02
-7.377560395169646679e-02
-6.750670749736370491e-02
-6.088543737596574523e-02
-5.391528985111571082e-02
-4.659866515062338621e-02
-3.893851661343417092e-02
-3.093799628069243690e-02
-2.260023032264485421e-02
-1.392870659084838314e-02
-4.926527564219962407e-03
4.402016795498064905e-03
1.405398174549304935e-02
2.402491660485303604e-02
3.431115134417286883e-02
4.490855339822286130e-02
5.581269844750769149e-02
6.701923788842992225e-02
7.852374252622465467e-02
9.032175952004747876e-02
1.024079739905439657e-01
1.147778794235541078e-01
1.274266975102437416e-01
1.403485793688178385e-01
1.535388649888875523e-01
1.669920049133206963e-01
1.807023009573054395e-01
1.946644105169750283e-01
2.088721700580186413e-01
2.233204271998023294e-01
2.380023615642554158e-01
2.529124443700254687e-01
2.680440424595614823e-01
2.833913604878064429e-01
2.989474979740656679e-01
3.147063831095360253e-01
3.306610576536906931e-01
3.468047170425671011e-01
3.631308914693014422e-01
3.796323428750967288e-01
3.963023463018244819e-01
4.131338155496784292e-01
4.301191314201500138e-01
4.472512807955479897e-01
4.645230065928807051e-01
4.819270319827087534e-01
4.994553392937749470e-01
5.171006565012584710e-01
5.348555040886762146e-01
5.527119418338635182e-01
5.706622321503482809e-01
5.886985135026202576e-01
6.068127450338044460e-01
6.249977514720881366e-01
6.432442511531705209e-01
6.615452546050056837e-01
6.798923864823623875e-01
6.982771605992875719e-01
7.166914104204850089e-01
7.351275288972805022e-01
7.535765074054759927e-01
7.720304427584433471e-01
7.904811034404429781e-01
8.089195197456926500e-01
8.273379239208755731e-01
8.457276690234007965e-01
8.640802750454043002e-01
8.823874205817772154e-01
9.006403698093538024e-01
9.188306631873259800e-01
9.369501693693548239e-01
9.549900331417340293e-01
9.729416186763342189e-01
9.907968014227738207e-01
1.008546423661965674e+00
1.026182436465137737e+00
1.043695839036247408e+00
1.061078792234344093e+00
1.078321998711719187e+00
1.095417352812835698e+00
1.112355940777223884e+00
1.129129406369068667e+00
1.145729663069290583e+00
1.162147540244058641e+00
1.178374736883304186e+00
1.194402732795347699e+00
1.210223477088343991e+00
1.225827815856830538e+00
1.241208055634717811e+00
1.256355347981662929e+00
1.271261606150813961e+00
1.285918303554216768e+00
1.300317232972687753e+00
1.314450176282784266e+00
1.328309199340795166e+00
1.341885544682339670e+00
1.355171594372858834e+00
1.368159125980061619e+00
1.380840319173916919e+00
1.393206907290716723e+00
1.405251447240409624e+00
1.416966048441500758e+00
1.428342737701733256e+00
1.439374275748071863e+00
1.450052969089733246e+00
1.460371256852956545e+00
1.470322205294556817e+00
1.479898046444752424e+00
