-1.301592994633855138e+00
-1.299638169370130658e+00
-1.297632318162508902e+00
-1.295575745234712528e+00
-1.293468821003467273e+00
-1.291311993213315690e+00
-1.289105710749540279e+00
-1.286850035977594064e+00
-1.284545044250573032e+00
-1.282190962092532693e+00
-1.279787492478276612e+00
-1.277334456624861225e+00
-1.274831614893561671e+00
-1.272278403467446584e+00
-1.269674605970906978e+00
-1.267019504143454434e+00
-1.264312472427352230e+00
-1.261552618599069753e+00
-1.258739049103048124e+00
-1.255870885397878167e+00
-1.252947049605537266e+00
-1.249966242965643293e+00
-1.246927427233911478e+00
-1.243828971340318557e+00
-1.240669576834777299e+00
-1.237447682441138230e+00
-1.234161693654681091e+00
-1.230809883088830992e+00
-1.227390462573042296e+00
-1.223901477519990344e+00
-1.220341005338323903e+00
-1.216707071160616271e+00
-1.212997415760726394e+00
-1.209210013117296700e+00
-1.205342561215259956e+00
-1.201392587126487665e+00
-1.197357934561568582e+00
-1.193235947763260363e+00
-1.189024323975695907e+00
-1.184720167137616631e+00
-1.180321208404804700e+00
-1.175824570106699607e+00
-1.171227443065232299e+00
-1.166527202010926745e+00
-1.161721057355317832e+00
-1.156806042568926163e+00
-1.151779399380494784e+00
-1.146638134639250683e+00
-1.141379156156450581e+00
-1.135999845129855412e+00
-1.130496965254514041e+00
-1.124867538381506549e+00
-1.119108524916465619e+00
-1.113217052578371113e+00
-1.107189966963428418e+00
-1.101024283561912398e+00
-1.094716981416812285e+00
-1.088265023633588235e+00
-1.081665535414188861e+00
-1.074915398533034638e+00
-1.068011775033435473e+00
-1.060951732814415571e+00
-1.053732297254303951e+00
-1.046350764197799599e+00
-1.038804291643544708e+00
-1.031090301982307444e+00
-1.023205969867166942e+00
-1.015148619550065412e+00
-1.006915824401310555e+00
-9.985051807283549241e-01
-9.899143008351722894e-01
-9.811408554474467802e-01
-9.721827913810918709e-01
-9.630380645424330144e-01
-9.537045779357788966e-01
-9.441807136970052916e-01
-9.344645418234598377e-01
-9.245548595277044424e-01
-9.144501229340058490e-01
-9.041490414864203906e-01
-8.936507357592273770e-01
-8.829541329005419215e-01
-8.720585376392282484e-01
-8.609637601726938261e-01
-8.496691165637175747e-01
-8.381747318111205658e-01
-8.264806480279098810e-01
-8.145873152040765675e-01
-8.024953724385659459e-01
-7.902055276535682182e-01
-7.777189950124854256e-01
-7.650371721205195819e-01
-7.521616380599411844e-01
-7.390943028248981861e-01
-7.258376088767579670e-01
-7.123939383972566208e-01
-6.987659982593361629e-01
-6.849572533823733433e-01
-6.709707710883792142e-01
-6.568104678391897266e-01
-6.424806064295875974e-01
-6.279856375344796682e-01
-6.133301579202046216e-01
-5.985192248618762534e-01
-5.835587390839029887e-01
-5.684540415075021169e-01
-5.532116111690186244e-01
-5.378378632339009258e-01
-5.223393454244067424e-01
-5.067239502463325440e-01
-4.909986796824612476e-01
-4.751713389200273863e-01
-4.592505270578886023e-01
-4.432444906539840801e-01
-4.271623986350878699e-01
-4.110130437334911235e-01
-3.948058749558789327e-01
-3.785510276031942567e-01
-3.622583968043051605e-01
-3.459378173226632658e-01
-3.296003426109972434e-01
-3.132570700619887738e-01
-2.969177092255774753e-01
-2.805951433301874243e-01
-2.642992939915465023e-01
-2.480426111489923979e-01
-2.318362754155536276e-01
-2.156923921961009238e-01
-1.996229637640178911e-01
-1.836395281471632224e-01
-1.677547044718876723e-01
-1.519799523662788143e-01
-1.363277461302991878e-01
-1.208105189197314910e-01
-1.054393857982915961e-01
-9.022692623577155402e-02
-7.518498154178154813e-02
-6.032500863976730798e-02
-4.565902604395510878e-02
-3.119798970819198658e-02
-1.695364150099543110e-02
-2.936566093196368854e-03
1.084255646349019386e-02
2.437275855476128683e-02
3.764382234395169391e-02
5.064586808938731366e-02
6.336963595209965661e-02
7.580538149605331455e-02
8.794452844765343613e-02
9.977835478505658884e-02
1.112985166052919972e-01
1.224977302531717882e-01
1.333686545534056300e-01
1.439037615951583859e-01
1.540977168722044155e-01
1.639434993124346818e-01
1.734358327516249965e-01
1.825697067990281752e-01
1.913408519061623458e-01
1.997442271559797256e-01
2.077772097383756567e-01
2.154356201621068223e-01
2.227172478768237873e-01
2.296195306773816114e-01
2.361408623505969473e-01
2.422794319155965326e-01
2.480344885532321797e-01
2.534053050151605646e-01
2.583919727810184419e-01
2.629944754539299545e-01
2.672138678985835902e-01
2.710505304854509134e-01
2.745062156507747098e-01
2.775828282581320750e-01
2.802821448446359831e-01
2.826068617476762412e-01
2.845594101653161623e-01
2.861425487226614273e-01
2.873599299138738239e-01
2.882149058537635256e-01
2.887108606227597463e-01
2.888521880904799666e-01
2.886433521465545660e-01
2.880873884029662158e-01
2.871899727751778819e-01
2.859553058823256499e-01
2.843881053727024266e-01
2.824930931390552402e-01
2.802757282584349419e-01
2.777411129853835092e-01
2.748935282481888009e-01
2.717388221748251453e-01
2.682822910376860825e-01
2.645291914122602783e-01
2.604847255067235245e-01
2.561540111252051943e-01
2.515430050566282993e-01
2.466565943665752769e-01
2.415005525816318332e-01
2.360795980008649764e-01
2.304000727009887228e-01
2.244659774715200840e-01
2.182834313485009226e-01
2.118574528785988065e-01
2.051936968791077120e-01
1.982967922719227616e-01
1.911724087683284168e-01
1.838248487108806728e-01
1.762597066498523546e-01
1.684826731910868958e-01
1.604980407989677893e-01
1.523109668831228447e-01
1.439267752469861605e-01
1.353497540090145002e-01
1.265852836581955465e-01
1.176389276581470966e-01
1.085148940832310061e-01
9.921804171574466480e-02
8.975373828845345514e-02
8.012675250228173951e-02
7.034242280277158699e-02
6.040528040860859704e-02
5.032024904964949030e-02
4.009265838019349104e-02
2.972770796714341301e-02
1.923059085916145605e-02
8.605820452920465158e-03
-2.141051124896709013e-03
-1.300484354556985522e-02
-2.397991146897382464e-02
-3.506147798043190988e-02
-4.624342959534488706e-02
-5.752097270808809171e-02
-6.888834150368783327e-02
-8.033996402315990437e-02
-9.187004649466201656e-02
-1.034730305175166620e-01
-1.151430890355364944e-01
-1.268744450534893264e-01
-1.386613770909317367e-01
-1.504974026712357915e-01
-1.623768398418823367e-01
-1.742935342858165093e-01
-1.862413508430194042e-01
-1.982142520407221831e-01
-2.102064406957937504e-01
-2.222110074305507776e-01
-2.342218851996349382e-01
-2.462323788317808404e-01
-2.582368646623816044e-01
-2.702291007842951842e-01
-2.822016970869372088e-01
-2.941488270995995524e-01
-3.060645118208931148e-01
-3.179422789699077878e-01
-3.297754472484990540e-01
-3.415579793760445959e-01
-3.532833537009565372e-01
-3.649458308995114919e-01
-3.765387071686552289e-01
-3.880564051605379650e-01
-3.994923373183938420e-01
-4.108403624582654956e-01
-4.220951638638676950e-01
-4.332507816978874438e-01
-4.443013267882398587e-01
-4.552405413936959633e-01
-4.660637561525111661e-01
-4.767651720210437372e-01
-4.873394013092215982e-01
-4.977812058433224163e-01
-5.080854853476448607e-01
-5.182475236997552415e-01
-5.282621589804454842e-01
-5.381245911673968596e-01
-5.478304702151886030e-01
-5.573751918699496599e-01
-5.667548205237193937e-01
-5.759645999179845433e-01
-5.850005926115089405e-01
-5.938596147636541200e-01
-6.025372638699393324e-01
-6.110304006669122767e-01
-6.193350368059125088e-01
-6.274484993085702733e-01
-6.353675193115237985e-01
-6.430888694910072978e-01
-6.506099755911474158e-01
-6.579282357374698353e-01
-6.650405985761651539e-01
-6.719453198711773378e-01
-6.786401775604979925e-01
-6.851219911463621859e-01
-6.913901505635198230e-01
-6.974421532806331925e-01
-7.032761779057701279e-01
-7.088912681865118248e-01
-7.142854675166632195e-01
-7.194575912886833624e-01
-7.244062941662088306e-01
-7.291309349958357000e-01
-7.336299116454325642e-01
-7.379028638784235206e-01
-7.419491167255216624e-01
-7.457674322861864713e-01
-7.493583420031109110e-01
-7.527204007956114218e-01
-7.558538121018563150e-01
-7.587579677606157702e-01
-7.614328513210135707e-01
-7.638787235633850425e-01
-7.660955680784564681e-01
-7.680830812864543056e-01
-7.698416705120718628e-01
-7.713715888911307772e-01
-7.726734030916058149e-01
-7.737473940752885859e-01
-7.745934748246450230e-01
-7.752134965636130470e-01
-7.756072492339838309e-01
-7.757749974379430924e-01
-7.757185990578374657e-01
-7.754382103842827334e-01
-7.749347740760239578e-01
-7.742094411152729005e-01
-7.732629618052997422e-01
-7.720971818912749640e-01
-7.707122533891546112e-01
-7.691098539192204875e-01
-7.672911986954973340e-01
-7.652576471485099674e-01
-7.630108670860664688e-01
-7.605516953372406519e-01
-7.578818946903549403e-01
-7.550034016693114580e-01
-7.519173772544263112e-01
-7.486256593046161090e-01
-7.451297825157068289e-01
-7.414320109821226357e-01
-7.375343124871829303e-01
-7.334380394817709981e-01
-7.291456279791315165e-01
-7.246590528908094520e-01
-7.199806302270364000e-01
-7.151121037057790453e-01
-7.100562218428101424e-01
-7.048154346882706811e-01
-6.993917524040864642e-01
-6.937879310756758233e-01
-6.880063982526707367e-01
-6.820504201594626004e-01
-6.759218692049879795e-01
-6.696243625574698211e-01
-6.631601957589960961e-01
-6.565326346642390565e-01
-6.497453677526843219e-01
-6.428007102940120898e-01
-6.357019230158036383e-01
-6.284528806231519660e-01
-6.210570763186995524e-01
-6.135177721890299196e-01
-6.058388450424330163e-01
-5.980237696522963109e-01
-5.900768006049590397e-01
-5.820010036967526723e-01
-5.738015136208953759e-01
-5.654821607466804512e-01
-5.570470035656400754e-01
-5.485003190185311350e-01
-5.398468849912627654e-01
-5.310914349959041658e-01
-5.222379927935874022e-01
-5.132921387686621983e-01
-5.042582048391339722e-01
-4.951412083298982747e-01
-4.859465465405867768e-01
-4.766794572627182092e-01
-4.673447891887609895e-01
-4.579485571087420492e-01
-4.484959582776566478e-01
-4.389925984123959068e-01
-4.294444495918334770e-01
-4.198568408979326261e-01
-4.102362253598477171e-01
-4.005883631451829796e-01
-3.909190914599152133e-01
-3.812350002045501451e-01
-3.715420846203922878e-01
-3.618466078859214896e-01
-3.521547359962244883e-01
-3.424733649908513478e-01
-3.328092946400387220e-01
-3.231682661219883457e-01
-3.135574285629763036e-01
-3.039828173767400443e-01
-2.944511924555026638e-01
-2.849695207189566482e-01
-2.755448083943523585e-01
-2.661833160602720127e-01
-2.568911947597465328e-01
